0,0.1187366663563529,0.1216946670091053,0.1174688537532749,0.1183142811059951,0.1183142851820736,0.1191590557118925,0.1168352799028631,0.117680050432682,0.117680125436361,0.1181031678229248,0.1157787434841528,0.1166241616010665,0.1166240922196999,0.1195814460515976,0.1166240922196999,0.1195814460515976
1,1.104477380584818,1.1113162738853293,1.0873803060048768,1.0890899896621704,1.089089765276481,1.0942188945272733,1.0754121401648031,1.082250952720642,1.0822513267448834,1.083961010640794,1.0702833808021504,1.0754125118255615,1.0754123860388385,1.1352521880889592,1.0668638088878193,1.1044774055480957
2,0.3231364152994651,0.341943204894482,0.3180072872582953,0.3197169899940491,0.3197169861950369,0.3282655394400452,0.307749027519152,0.3162975609302521,0.3162976876791915,0.3214268177147943,0.3026200208068613,0.312878280878067,0.3128781634220713,0.3316849532698432,0.3026199072018653,0.3282655477523803
3,0.8753744791270708,0.8753744791270708,0.8702453514673901,0.8736647963523865,0.8736646027997818,0.8753742851957012,0.8668257145448838,0.8702451586723328,0.8702457386233335,0.8702457386233335,0.8685360550880432,0.8685360550880432,0.8685359219730202,0.8770844176749609,0.8685359219730202,0.8753747344017029
4,0.8045869591568565,0.8098686887419323,0.7887417704016292,0.7975445985794067,0.7975449041808544,0.8010660858188177,0.7887420726300278,0.7957843542098999,0.7940236097841169,0.7940236097841169,0.786981248232851,0.7905024290084839,0.790502424841304,0.8081081652345904,0.790502424841304,0.8045870661735535
5,4.493136563400476,4.508163830791993,4.455568569247888,4.470595836639404,4.470596058573307,4.493136786453369,4.440541870950699,4.455568790435791,4.455568305292329,4.455568305292329,4.350377788435784,4.40297269821167,4.402971575508067,4.560757310559461,4.402971575508067,4.538216590881348
6,7.241295814514161,7.377924183633422,7.2185248892856,7.24129581451416,7.24129488794788,7.279247129576243,7.226114273071289,7.226114273071289,7.218525318543051,7.218525318543051,7.112258176742578,7.127439498901367,7.127438287400926,7.294427871704102,7.127438287400926,7.294427871704102
7,10.842510890958405,10.842510890958405,10.656106731501591,10.718241691589355,10.718237542684363,10.811439225932242,10.531833455382404,10.593968391418455,10.593971836029718,10.656106071462409,10.438634445431909,10.562904357910156,10.562902868469871,10.873576164245604,10.531835394731033,10.873576164245604
8,25.43717551612985,25.62590402261644,25.28947708416269,25.379737854003903,25.39614854749528,25.6833432033678,25.29768239761057,25.363327026367188,25.26485478683406,25.453583259183365,24.944838666872364,25.051511764526367,25.010489913856617,25.47820614955486,25.010489913856617,25.43717765808105
0,0.1187366663563529,0.1216946670091053,0.1174688537532749,0.1183142811059951,0.1183142851820736,0.1191590557118925,0.1168352799028631,0.117680050432682,0.117680125436361,0.1181031678229248,0.1157787434841528,0.1166241616010665,0.1166240922196999,0.1195814460515976,0.1166240922196999,0.1195814460515976
1,1.104477380584818,1.1113162738853293,1.0873803060048768,1.0890899896621704,1.089089765276481,1.0942188945272733,1.0754121401648031,1.082250952720642,1.0822513267448834,1.083961010640794,1.0702833808021504,1.0754125118255615,1.0754123860388385,1.1352521880889592,1.0668638088878193,1.1044774055480957
2,0.3231364152994651,0.341943204894482,0.3180072872582953,0.3197169899940491,0.3197169861950369,0.3282655394400452,0.307749027519152,0.3162975609302521,0.3162976876791915,0.3214268177147943,0.3026200208068613,0.312878280878067,0.3128781634220713,0.3316849532698432,0.3026199072018653,0.3282655477523803
3,0.8753744791270708,0.8753744791270708,0.8702453514673901,0.8736647963523865,0.8736646027997818,0.8753742851957012,0.8668257145448838,0.8702451586723328,0.8702457386233335,0.8702457386233335,0.8685360550880432,0.8685360550880432,0.8685359219730202,0.8770844176749609,0.8685359219730202,0.8753747344017029
4,0.8045869591568565,0.8098686887419323,0.7887417704016292,0.7975445985794067,0.7975449041808544,0.8010660858188177,0.7887420726300278,0.7957843542098999,0.7940236097841169,0.7940236097841169,0.786981248232851,0.7905024290084839,0.790502424841304,0.8081081652345904,0.790502424841304,0.8045870661735535
5,4.493136563400476,4.508163830791993,4.455568569247888,4.470595836639404,4.470596058573307,4.493136786453369,4.440541870950699,4.455568790435791,4.455568305292329,4.455568305292329,4.350377788435784,4.40297269821167,4.402971575508067,4.560757310559461,4.402971575508067,4.538216590881348
6,7.241295814514161,7.377924183633422,7.2185248892856,7.24129581451416,7.24129488794788,7.279247129576243,7.226114273071289,7.226114273071289,7.218525318543051,7.218525318543051,7.112258176742578,7.127439498901367,7.127438287400926,7.294427871704102,7.127438287400926,7.294427871704102
7,10.842510890958405,10.842510890958405,10.656106731501591,10.718241691589355,10.718237542684363,10.811439225932242,10.531833455382404,10.593968391418455,10.593971836029718,10.656106071462409,10.438634445431909,10.562904357910156,10.562902868469871,10.873576164245604,10.531835394731033,10.873576164245604
8,25.43717551612985,25.62590402261644,25.28947708416269,25.379737854003903,25.39614854749528,25.6833432033678,25.29768239761057,25.363327026367188,25.26485478683406,25.453583259183365,24.944838666872364,25.051511764526367,25.010489913856617,25.47820614955486,25.010489913856617,25.43717765808105
0,98.82424684616636,98.99174556963446,97.86112918622491,98.42643737792967,98.82417768691045,99.13823757362732,97.56793814004294,98.2169952392578,98.46826903052738,98.46826903052738,97.06546783447266,97.06546783447266,97.02360128563843,98.9917105909578,96.89797728742656,98.88702392578124
1,192.3379162308352,192.74880829201115,191.0413603477111,191.5070343017578,191.7352971383501,191.9635643083614,190.33830317246657,190.63047790527344,190.7492223205844,191.6440259184433,190.26529693065788,190.42051696777344,190.4204974275264,194.65713602216115,190.4204974275264,194.62060546875
0,22.416273993161955,22.416273993161955,21.784612907508027,21.954082489013672,21.91556981282008,21.91556981282008,21.42256479600104,21.645957946777344,21.761511053306624,22.185185902035943,21.45338375702468,21.607446670532227,21.45338343300937,22.55493978618877,21.29931905256185,22.485610961914062
1,16.166242294188276,16.1981921212494,16.038446032846995,16.126306533813477,16.158256278848164,16.19819356623724,15.990524242169256,16.05442237854004,16.0624006325274,16.15824702043931,15.966552721164623,16.03045082092285,15.974544917216097,16.341958719055434,15.974544917216097,16.23812484741211
2,20.580603981330693,20.773926081012604,20.483944467865,20.56449508666992,20.5725435427783,20.70947755246715,20.387276719486525,20.491992950439453,20.612822802466187,20.612822802466187,20.36311729163276,20.41950225830078,20.36310619047961,20.677251711441897,20.314774928505194,20.62086677551269
3,38.02280149478207,38.09567520282277,37.74951553344727,37.74951553344727,37.78594772469331,37.82238631002929,37.43068020510443,37.694854736328125,37.75863005772674,37.84061515794762,37.61287915455358,37.68575286865234,37.42157511506514,38.12299882325677,37.3851365269844,38.05012512207031
