0,0.0521365404129028,0.0531590642853561,0.0521365404129028,0.0521365404129028,0.0521365322274781,0.0527503007169987,0.0519321546162797,0.0523409098386764,0.0523408838638369,0.0527502745389938,0.0519321288442901,0.0527502745389938,0.0527502849936609,0.0527502849936609,0.0507052429230951,0.0511146336793899
1,0.0662803351879119,0.0662803351879119,0.0629663169868261,0.0662803351879119,0.0662803450936437,0.0669021269721938,0.0662803450936437,0.0664880350232124,0.0664880518469368,0.0677303232025829,0.0660733158379351,0.0671091899275779,0.0672753752946139,0.0672753752946139,0.0660293772816658,0.0660293772816658
2,0.0915912784975435,0.092221247760372,0.0913812887432673,0.0920112580060958,0.0920112479602361,0.0932718394590925,0.0915912684975375,0.0924318805336952,0.0924318605875513,0.0932718193316915,0.0924318605875513,0.0928518399596214,0.092851901284288,0.092851901284288,0.0907513499259948,0.0907513499259948
3,0.1704170852899551,0.1704170852899551,0.1695689031184656,0.1704170852899551,0.1712646037340164,0.1742322188616928,0.1712646037340164,0.1712646037340164,0.1712645066090784,0.1729602014153071,0.1708407697837034,0.172112688422203,0.1721127088401132,0.1727483436603473,0.1695688515901565,0.1695688515901565
4,0.8411803215712033,0.8514385775404061,0.8343415107036122,0.8428900837898254,0.8428902061611451,0.8616969586113045,0.8420356819381204,0.8514387011528015,0.8531485795974731,0.8634068384504936,0.8531485795974731,0.8531485795974731,0.8531486321554168,0.8540037912325276,0.8326321131854626,0.8334872722625732
5,0.7266293456486379,0.7420174486345998,0.725774900607038,0.7317584753036499,0.7326138773698262,0.7420176144034127,0.7326138773698262,0.7343235611915588,0.7351774021745908,0.7403072422267054,0.7351774021745908,0.7394520044326782,0.739452513926842,0.7454368818758836,0.702693447919005,0.7095322608947754
6,0.6565310955047607,0.6667893517249668,0.6565310955047607,0.6565310955047607,0.6582409272525178,0.6702088691034012,0.6582409272525178,0.661660373210907,0.6616603300371889,0.6650797361046337,0.65653120110211,0.6633700132369995,0.6633700444857961,0.6650797674339687,0.647982656955719,0.647982656955719
7,0.825793159931048,0.8326320519753851,0.820664030565622,0.8292126059532166,0.8292124739383504,0.8463095426559448,0.8292124739383504,0.8463095426559448,0.8463095394910125,0.8582775589506492,0.8428901733616658,0.8480193018913269,0.8480193487581988,0.854858160730489,0.8223737046925539,0.8240833878517151
8,0.6001105568282616,0.6086590886116028,0.5949814298246953,0.6086590886116028,0.6086594153745091,0.6189176748888576,0.6018205624756667,0.6137885451316833,0.6137885216860609,0.6189176512473117,0.6120787986097013,0.6154982447624207,0.6154983880386536,0.6154983880386536,0.5966915488243103,0.5966915488243103
9,0.8703682188349104,0.8774444099111224,0.8703682188349104,0.8739063143730164,0.8739061723099993,0.8774442672729493,0.8650609759468575,0.8774442672729492,0.8774444221116819,0.8915966402839294,0.8721373197749691,0.8827515244483948,0.8827515488794291,0.8827515488794291,0.8544469475746155,0.8544469475746155
10,7.666360813680266,7.757446619291413,7.666360813680266,7.689131736755371,7.68913241938603,7.772627924718091,7.575276385028705,7.711904048919678,7.734671115875243,7.878889720630882,7.734671115875243,7.734671115875244,7.734673623135014,7.818169113884365,7.635998222742727,7.65117883682251
11,9.163010247941424,9.285184162000656,9.163010247941424,9.20882511138916,9.20882438731853,9.277547031411087,9.185916603071377,9.247003555297852,9.247004178194247,9.30809113453566,9.239367777164862,9.254640579223633,9.254643546722717,9.300458424344832,9.155377388000488,9.155377388000488
12,9.29751612635518,9.450435638427734,9.205763283767432,9.450435638427734,9.481014622262135,9.786852773575786,9.481014622262135,9.542181968688965,9.542182275025969,9.6339343619964,9.450430897645312,9.572766304016112,9.572766998797986,9.60335032041806,9.052839887409297,9.114007949829102
13,76.36784346996338,76.80959132612192,76.02732393885549,76.53350067138672,76.55190839987387,77.07648839826352,76.21138884877828,76.92003631591797,76.98445332694506,77.23293561729082,76.61632543408177,77.09488677978516,77.37099944250477,77.38020457250977,76.19299557431299,76.2206039428711
14,81.1258705977426,81.8069025875282,80.90499668619552,81.66885375976562,81.09827760264832,81.95417207120154,80.3988352251909,81.75170135498047,81.7608981511238,82.40512378526046,81.4848074691706,81.93576049804688,81.98176955778472,82.12901650002283,80.25157059166263,80.51846313476562
0,0.0521365404129028,0.0531590642853561,0.0521365404129028,0.0521365404129028,0.0521365322274781,0.0527503007169987,0.0519321546162797,0.0523409098386764,0.0523408838638369,0.0527502745389938,0.0519321288442901,0.0527502745389938,0.0527502849936609,0.0527502849936609,0.0507052429230951,0.0511146336793899
1,0.0662803351879119,0.0662803351879119,0.0629663169868261,0.0662803351879119,0.0662803450936437,0.0669021269721938,0.0662803450936437,0.0664880350232124,0.0664880518469368,0.0677303232025829,0.0660733158379351,0.0671091899275779,0.0672753752946139,0.0672753752946139,0.0660293772816658,0.0660293772816658
2,0.0915912784975435,0.092221247760372,0.0913812887432673,0.0920112580060958,0.0920112479602361,0.0932718394590925,0.0915912684975375,0.0924318805336952,0.0924318605875513,0.0932718193316915,0.0924318605875513,0.0928518399596214,0.092851901284288,0.092851901284288,0.0907513499259948,0.0907513499259948
3,0.1704170852899551,0.1704170852899551,0.1695689031184656,0.1704170852899551,0.1712646037340164,0.1742322188616928,0.1712646037340164,0.1712646037340164,0.1712645066090784,0.1729602014153071,0.1708407697837034,0.172112688422203,0.1721127088401132,0.1727483436603473,0.1695688515901565,0.1695688515901565
4,0.8411803215712033,0.8514385775404061,0.8343415107036122,0.8428900837898254,0.8428902061611451,0.8616969586113045,0.8420356819381204,0.8514387011528015,0.8531485795974731,0.8634068384504936,0.8531485795974731,0.8531485795974731,0.8531486321554168,0.8540037912325276,0.8326321131854626,0.8334872722625732
5,0.7266293456486379,0.7420174486345998,0.725774900607038,0.7317584753036499,0.7326138773698262,0.7420176144034127,0.7326138773698262,0.7343235611915588,0.7351774021745908,0.7403072422267054,0.7351774021745908,0.7394520044326782,0.739452513926842,0.7454368818758836,0.702693447919005,0.7095322608947754
6,0.6565310955047607,0.6667893517249668,0.6565310955047607,0.6565310955047607,0.6582409272525178,0.6702088691034012,0.6582409272525178,0.661660373210907,0.6616603300371889,0.6650797361046337,0.65653120110211,0.6633700132369995,0.6633700444857961,0.6650797674339687,0.647982656955719,0.647982656955719
7,0.825793159931048,0.8326320519753851,0.820664030565622,0.8292126059532166,0.8292124739383504,0.8463095426559448,0.8292124739383504,0.8463095426559448,0.8463095394910125,0.8582775589506492,0.8428901733616658,0.8480193018913269,0.8480193487581988,0.854858160730489,0.8223737046925539,0.8240833878517151
8,0.6001105568282616,0.6086590886116028,0.5949814298246953,0.6086590886116028,0.6086594153745091,0.6189176748888576,0.6018205624756667,0.6137885451316833,0.6137885216860609,0.6189176512473117,0.6120787986097013,0.6154982447624207,0.6154983880386536,0.6154983880386536,0.5966915488243103,0.5966915488243103
9,0.8703682188349104,0.8774444099111224,0.8703682188349104,0.8739063143730164,0.8739061723099993,0.8774442672729493,0.8650609759468575,0.8774442672729492,0.8774444221116819,0.8915966402839294,0.8721373197749691,0.8827515244483948,0.8827515488794291,0.8827515488794291,0.8544469475746155,0.8544469475746155
10,7.666360813680266,7.757446619291413,7.666360813680266,7.689131736755371,7.68913241938603,7.772627924718091,7.575276385028705,7.711904048919678,7.734671115875243,7.878889720630882,7.734671115875243,7.734671115875244,7.734673623135014,7.818169113884365,7.635998222742727,7.65117883682251
11,9.163010247941424,9.285184162000656,9.163010247941424,9.20882511138916,9.20882438731853,9.277547031411087,9.185916603071377,9.247003555297852,9.247004178194247,9.30809113453566,9.239367777164862,9.254640579223633,9.254643546722717,9.300458424344832,9.155377388000488,9.155377388000488
12,9.29751612635518,9.450435638427734,9.205763283767432,9.450435638427734,9.481014622262135,9.786852773575786,9.481014622262135,9.542181968688965,9.542182275025969,9.6339343619964,9.450430897645312,9.572766304016112,9.572766998797986,9.60335032041806,9.052839887409297,9.114007949829102
13,76.36784346996338,76.80959132612192,76.02732393885549,76.53350067138672,76.55190839987387,77.07648839826352,76.21138884877828,76.92003631591797,76.98445332694506,77.23293561729082,76.61632543408177,77.09488677978516,77.37099944250477,77.38020457250977,76.19299557431299,76.2206039428711
14,81.1258705977426,81.8069025875282,80.90499668619552,81.66885375976562,81.09827760264832,81.95417207120154,80.3988352251909,81.75170135498047,81.7608981511238,82.40512378526046,81.4848074691706,81.93576049804688,81.98176955778472,82.12901650002283,80.25157059166263,80.51846313476562
0,279.91761115571813,281.24962426535376,279.09346332067656,281.1729736328125,281.268797831131,282.1695962634018,281.1729626106079,281.61376953125,281.2495823629117,282.06413778072607,279.7450836206053,281.7574768066406,282.42825545470834,282.64867348312515,279.6300256267919,279.6396179199219
0,44.80878037171836,44.97740723562735,44.76193580390827,44.968040466308594,44.93056760047416,45.21161714714114,44.90246371792913,45.005516052246094,44.97739996955948,45.24908269451724,44.87435122874554,45.03361129760742,45.099187899945846,45.099187899945846,44.49024794808081,44.49961471557617
