0,0.0491185548267874,0.0518693178892135,0.0491185548267874,0.0518693178892135,0.0518693193329368,0.0522625558078289,0.0518693193329368,0.0522625558078289,0.0518693329037079,0.0518693329037079,0.0506902523338794,0.0506902523338794
1,0.0632244917044006,0.0644636939565256,0.0630179571967525,0.0640506297349929,0.0640506701446345,0.06446373462677,0.0630179969548793,0.06446373462677,0.064463696743483,0.064463696743483,0.0623977140071349,0.0626042485237121
2,0.0744934607501403,0.0761581137776374,0.0744934607501403,0.0761581137776374,0.0765740964122875,0.0774067485846743,0.0765740964122875,0.0769907459616661,0.076990788124141,0.076990788124141,0.0753261297941207,0.0753261297941207
3,0.0945996374348998,0.0962739549250252,0.0939720087408194,0.0952272564172744,0.0952272641056082,0.096901591442619,0.0952272641056082,0.0954371243715286,0.0954371129338168,0.0960647416033513,0.0920884683728218,0.0920884683728218
4,0.0859196277335308,0.087179566584527,0.0859196277335308,0.0869695767760276,0.086969581454163,0.0878101938443778,0.0865496018145734,0.0873902142047882,0.087390159761678,0.087390159761678,0.0861295685172081,0.0861295685172081
5,0.1590607776991893,0.1620221734046936,0.1590607776991893,0.1620221734046936,0.1620222442354163,0.163291498506774,0.1607529801490733,0.1624451130628585,0.1599065397414597,0.1599065397414597,0.154407283540331,0.1552536785602569
6,0.1727456608787066,0.1765653938055038,0.1723213905392836,0.1765653938055038,0.1765654488000899,0.1799609321400804,0.1765654488000899,0.1769897192716598,0.176565315378941,0.176565315378941,0.167228102684021,0.167228102684021
7,0.1785485813380679,0.1845005005598068,0.1785485813380679,0.1845005005598068,0.1845005673937247,0.1879014877847245,0.183650016739161,0.186625987291336,0.1853504916163985,0.1853504916163985,0.181949570775032,0.181949570775032
8,0.2560630906062573,0.259477254057777,0.2560630906062573,0.2586233913898468,0.2586233965580348,0.2628914227627746,0.2569163048964676,0.260330468416214,0.2594771675273449,0.2594771675273449,0.2475276291370391,0.2475276291370391
9,0.758259102417651,0.7685173582161772,0.758259102417651,0.7668076753616333,0.768517318498835,0.7796307324928118,0.768517318498835,0.7727919220924377,0.772791845004597,0.7745015276002387,0.759114146232605,0.759114146232605
10,0.7591142219560626,0.775356128899209,0.7591142219560626,0.7727919220924377,0.7736468483766881,0.7830505844937804,0.7736468483766881,0.7796311378479004,0.7796307011489904,0.7847598285769691,0.7659530808981294,0.767662763595581
11,1.374611563700023,1.436161728334763,1.374611563700023,1.4293228387832642,1.4293236814942392,1.4344528913497925,1.37803174161005,1.4344528913497925,1.434452283491243,1.4361619664948233,1.398548305730947,1.408806562423706
12,0.3573305432081447,0.3795567750930786,0.3522014158245301,0.3795567750930786,0.3795569170541072,0.3898151756581074,0.372718064762165,0.3829763233661651,0.382976324614535,0.3846860476100504,0.3710083429815812,0.3727180659770965
13,0.6325951378790685,0.6565310955047607,0.6325951378790685,0.6565310955047607,0.6565312671686313,0.6667895260710742,0.6565312671686313,0.6599506735801697,0.6548213641116075,0.6548213641116075,0.6343048519469284,0.6394339799880981
14,0.7984377437860701,0.8240833878517151,0.7984377437860701,0.8240833878517151,0.8275031447410583,0.8411807738299841,0.8275031447410583,0.8275031447410583,0.827503273815075,0.8377615368996916,0.8138255632570237,0.8155352473258972
15,0.7556954450227986,0.7727925240081889,0.7522759974914449,0.7625342607498169,0.7693725531872162,0.781340571739048,0.7693725531872162,0.7745016813278198,0.7745015276002387,0.7779209721271415,0.7556947810413215,0.759114146232605
16,0.4684623855924134,0.4872692159747332,0.4684623855924134,0.4855594933032989,0.4855596485299615,0.495817908502352,0.4855596485299615,0.4872693717479706,0.4872693439436177,0.4941081570897568,0.47530136143613,0.4770110845565796
17,0.5402703849769115,0.5522383688278083,0.5334315710631139,0.5505286455154419,0.5505286734824719,0.5573675274115195,0.5505286734824719,0.5556578040122986,0.5556576863004599,0.5573674093374891,0.5436897440447389,0.5453994274139404
18,0.547109074042443,0.553947925567627,0.5453993512441916,0.553947925567627,0.5539479550644336,0.5590770840644836,0.5488188260643836,0.5590770840644836,0.5590772224094399,0.5624966293663387,0.5471092385585431,0.5505286455154419
19,0.889052206044267,0.9129887969722158,0.889052206044267,0.9044402241706848,0.907859878261638,0.9181181362519608,0.907859878261638,0.9095695614814758,0.9095692828768318,0.9164080929970766,0.8856326937675475,0.8856326937675476
20,0.7715982216351752,0.790714336763374,0.768122622986659,0.7872386574745178,0.7889764391190455,0.7994033950458953,0.7889764391190455,0.7924520373344421,0.7872383774110918,0.7872383774110918,0.764646671671473,0.7698601484298706
21,0.8949840982741184,0.9123623371124268,0.8880328188668664,0.9123623371124268,0.9141000481207224,0.9297411294928788,0.9141000481207224,0.9175763726234436,0.917576152642998,0.917576152642998,0.9019349943803234,0.9036728739738464
22,0.8747627749253539,0.9079373360628776,0.8747627749253539,0.8974611759185791,0.8974612706854687,0.90269935131073,0.8922231900602073,0.90269935131073,0.902699725712987,0.9166678924931808,0.8904774785041809,0.8904774785041809
23,0.8714885843103758,0.8961366764779245,0.8714885843103758,0.8926154971122742,0.8943759799003602,0.9102211618843048,0.8943759799003602,0.8943759799003601,0.8943759628645859,0.8961365113750493,0.8662066965212513,0.8732490539550781
24,0.8333486026479441,0.8460024041046343,0.8297331948536503,0.8423870801925659,0.8441947689371416,0.8514255008729542,0.8441947689371416,0.8496178388595581,0.8478099051882096,0.8478099051882096,0.8351560235023499,0.8351560235023499
25,0.8369640104422379,0.8441947421486001,0.8333486026479441,0.8423870801925659,0.8423871673209574,0.8460024916069601,0.840579421295722,0.8441948294639587,0.8441944984376496,0.8441944984376496,0.8351560235023499,0.8351560235023499
26,1.4235706650110218,1.4547972782690028,1.4235706650110218,1.4437761306762695,1.443776357011918,1.462144825565088,1.443776357011918,1.4547975063323977,1.4511237545759212,1.4511237545759212,1.4290815399808503,1.4309184551239014
27,4.622530500918632,4.711998462677002,4.622530500918632,4.711998462677002,4.711999214402025,4.771644993043296,4.6821763250813895,4.7567338943481445,4.756734158033564,4.756734158033564,4.622531494616465,4.659809589385986
28,3.213403354229078,3.34015006045318,3.213403354229078,3.3103275299072266,3.3103275618340144,3.3699729694661955,3.2954154315046704,3.3550615310668945,3.3476063842936297,3.3476063842936297,3.2655932903289795,3.2655932903289795
29,3.608554293222876,3.698022907435057,3.608554293222876,3.6905670166015625,3.690567503085624,3.7502129077911377,3.6458328441177312,3.7502129077911377,3.690567088220964,3.690567088220964,3.5861873822461114,3.608554363250733
30,3.34302486791938,3.402855157852173,3.3355462118168075,3.402855157852173,3.4028556914034,3.455206986404644,3.3804193725403726,3.410334348678589,3.410333748337933,3.410333748337933,3.3654611185110648,3.3804187774658203
31,3.844103544673469,3.911413173364988,3.844103544673469,3.881497859954834,3.881498762426861,3.926371395937904,3.8665414492814656,3.8889777660369873,3.874018670535499,3.874018670535499,3.806709051132202,3.806709051132202
32,6.765158661543892,6.818070888519287,6.742482594127984,6.818070888519287,6.825627735894155,6.878539241651962,6.825627735894155,6.84830379486084,6.840748440489259,6.840748440489259,6.727365284421009,6.7953948974609375
33,5.5780940526272245,5.775146292960302,5.5780940526272245,5.767567157745361,5.775146616049476,5.896408917751908,5.775146616049476,5.790304183959961,5.790304639252955,5.797883775487857,5.593252372401572,5.600831508636475
34,9.560077353800988,9.682250601415198,9.407359908471728,9.674614906311035,9.687455263224786,9.756269146670151,9.557473325696932,9.725685119628906,9.695105576892685,9.695105576892685,9.427495748695758,9.442788124084473
35,10.087496947430544,10.45655161807997,10.087496947430544,10.302778244018556,10.333528707258411,10.548810629654284,10.333528707258411,10.425792694091797,10.425795815324228,10.548813787715334,10.1490044855081,10.2105131149292
36,10.314360766951095,10.625034713906317,10.314360766951095,10.500764846801758,10.50076766592012,10.749307466854177,10.50076766592012,10.656105041503906,10.656104560277882,10.687172033991642,10.40756549137413,10.43863296508789
37,14.431567723241692,14.867943571083424,14.431567723241692,14.712095260620115,14.743262327139735,14.96145022121027,14.743262327139735,14.83677101135254,14.649751752535389,14.649751752535389,14.338055214473105,14.525074005126951
38,14.144845529421412,14.427742731725608,14.144845529421412,14.39630889892578,14.3963119795655,14.52204442051236,14.239147157671509,14.427745819091797,14.36488036809864,14.36488036809864,14.081984519958496,14.081984519958496
39,15.5907664098727,15.842229843139648,15.49646780472,15.842229843139648,15.842235530592166,16.062266660660377,15.77937074364103,15.905101776123049,15.905098985793202,15.999399066835748,15.716500282287598,15.716500282287598
40,16.467927125840248,16.688339233398438,16.404953490342393,16.688339233398438,16.688339372860238,16.861519794137045,16.65685255484818,16.71982765197754,16.719822523057946,16.782797600869273,16.56238555908203,16.56238555908203
41,20.44147834392646,21.07336265693576,20.409883248638987,21.04176902770996,21.0417760231538,21.13655840840373,20.63104991030045,21.104963302612305,21.104965053019285,21.16815380378072,20.694240372163364,20.757429122924805
42,19.90644610360329,20.175451278686523,19.748207419778986,20.175451278686523,20.175452180097167,20.412811684983723,20.064685683889348,20.349515914916992,20.349513011612565,20.36533658473535,19.85897343353588,19.96973991394043
43,20.82423324696979,21.251478619349427,20.82423324696979,21.219831466674805,21.267303068031964,21.726195611909144,21.267303068031964,21.362247467041016,21.362246116344515,21.39389326831625,20.950824329439897,21.01412010192871
44,21.48883324356053,21.99519788543013,21.48883324356053,21.884429931640625,21.91790363785831,22.26656208655596,21.743575148905165,22.02884101867676,21.99714191315087,21.99714191315087,21.188887765430472,21.53754615783692
45,24.295120494091503,24.83395675133476,24.27927271494708,24.69132232666016,24.707170431273305,24.976587076614315,24.707170431273305,24.7230167388916,24.723013158201343,24.770557957336205,24.041545548155177,24.08909034729004
46,25.595153572210016,26.791187541018648,24.925372181703377,26.40845489501953,26.45629471079995,26.982550206601527,26.45629471079995,26.79118537902832,26.26493891035642,26.26493891035642,24.829696290337555,24.87753677368164
47,22.96388539573213,23.44230069229912,22.96388539573213,23.34661674499512,23.39445091816341,23.681499704395176,23.39445091816341,23.537975311279297,23.49013245871792,23.49013245871792,22.916036388108544,23.05956077575684
48,21.1937458997093,21.67215955397429,21.1937458997093,21.62431907653809,21.67216307021814,22.00705386652573,21.67216307021814,21.72000503540039,21.72000031305044,21.72000031305044,21.14590425560345,21.241586685180664
49,19.1844056194772,19.806345137302696,19.1844056194772,19.614978790283203,19.655635833740234,20.03916035579582,19.5597550739892,19.655635833740234,19.65563239325777,19.65563239325777,19.320049051343265,19.415929794311523
50,26.306900638422192,27.806006206642675,26.306900638422192,27.75765037536621,27.757651192751464,28.43466576196419,27.27406593823256,28.04779815673828,27.80600592786245,27.80600592786245,25.774959308449898,26.065109252929688
51,31.916457165826287,32.980339171085355,31.916457165826287,32.64183044433594,32.64183054446749,33.173771548728794,32.545112910257934,32.690189361572266,32.69020188666285,33.125425423468364,31.7230341498386,31.86811065673828
52,28.04779595333073,29.160036865039302,28.04779595333073,28.72481346130371,28.72481501476889,29.01496496359949,28.04779747018216,28.96660614013672,28.966608433765504,28.966608433765504,27.95108502842044,28.28959083557129
53,29.69197790643256,30.8042188179899,29.64361908559166,30.139291763305664,30.13929544018704,30.46571378075264,29.49854921372754,30.17556381225586,30.1755563912818,30.51406510327075,29.837047679292848,29.885406494140625
54,26.098627195992567,26.96338888512678,26.098627195992567,26.706296920776367,26.70629762568376,27.111411790419567,26.22327862882251,26.8776912689209,26.768617695038056,26.768617695038056,25.786995972016125,25.79478645324707
55,16.533939160813365,17.14805709244251,16.41584037825774,16.95122528076172,17.124443827483766,17.470868671892863,16.94335825174854,17.281909942626953,16.73077265279708,16.888238712534836,16.337107503452692,16.42371368408203
56,14.329415252655156,14.762447701395544,14.274301672098442,14.667966842651367,14.723081814832494,14.951407787560976,14.24281041358915,14.849055290222168,14.72308031730222,14.84118062875075,14.132583326852558,14.37665557861328
57,16.341668283988607,16.81198953415682,16.26992423385628,16.69241714477539,16.780104423605156,17.17868163430488,16.780104423605156,16.963449478149414,16.939537862266878,16.96345203613736,16.022809368790934,16.198183059692383
58,16.70039102066663,17.178683731908237,16.70039102066663,16.98736572265625,17.218538705873417,17.234483027420545,16.88373415478213,17.019250869750977,17.090994048230645,17.098965437967166,16.724302414057373,16.78010368347168
59,17.96786194344774,18.20700823363641,17.800459694441514,18.151206970214844,18.21498124748505,18.2946966846594,17.856262550829793,18.23889541625977,18.214981073991307,18.23889524253825,17.85626238075277,18.047578811645508
60,21.045049036270687,21.51596470099181,20.988213954028325,21.37793731689453,21.43477910607913,21.4916142061052,21.31298983028236,21.418540954589844,21.37794306836595,21.4753735428417,21.11812794649279,21.150604248046875
61,26.83211590505524,27.275215940093048,26.64338899374304,27.16033744812012,27.39829575756381,27.7757495243322,27.07827964178184,27.55420112609864,26.873145489656764,26.955199287432464,26.044384680618386,26.58595085144043
62,27.33652374993743,28.049941118464897,26.916865720983235,27.83172035217285,27.98280271623358,28.318530482689305,27.806547079626096,27.89887237548828,27.89886586913059,28.117086625218967,26.96722457613653,27.160266876220703
63,26.69025224345765,27.563141785432915,26.648287077383955,27.19384384155273,27.35331002069505,27.44563529787592,26.866505178009287,27.302949905395508,27.07633601189009,27.109909424349897,26.14469622828823,26.228628158569336
64,27.36033712844773,28.624428546891284,27.19914560966634,28.369911193847656,28.8534903285514,29.566131830310344,28.208720987113665,29.17587661743164,28.71775135150411,28.88742852843508,27.860886300671044,27.92027282714844
65,17.910864872101143,18.60835649110959,17.17893177739462,18.393081665039062,18.660022539703927,19.064738633380102,17.89364466186855,18.479190826416016,18.479192495511008,18.65141303396766,17.351152731628567,17.428651809692383
66,22.31108546207908,22.79330066921683,22.17330968861114,22.578025817871094,22.629691100351213,22.689967790975345,22.13886310009048,22.612468719482425,22.586639882088967,22.79330356857897,21.992482399336566,22.26803398132324
67,29.16404262016882,29.8244602732645,28.89987623074213,29.569101333618164,29.80684459850137,30.220707345269723,29.709986177757067,29.99176406860352,30.01818470193531,30.22951983484067,29.3577670303108,29.392990112304688
68,30.097433338743308,30.960378646850582,30.01818308804684,30.960378646850582,31.03082802055721,31.444687497890538,30.83710441900237,31.14529800415039,30.99560018451184,31.127681689727968,30.299959502910923,30.38801383972168
69,57.32739908616147,58.01830815902109,56.8455774946467,58.000125885009766,58.1183123269091,59.02740527309205,58.05467609810944,58.50012969970703,58.22739901858276,58.29103523977724,57.09102950374741,57.38193893432617
70,74.08545254711542,75.09779894160484,73.91059022591493,74.90453338623047,75.03338903566205,75.69601791470096,74.80330995385445,75.45673370361328,75.69600130453935,75.74201991938544,73.66210351023817,74.10385131835938
71,82.9941215384849,83.6843587412263,82.9665131738082,83.5647201538086,83.80399118987523,83.8960284273303,83.44506843245782,83.69355773925781,83.62913216649137,83.93283116363762,82.83765970547553,82.9572982788086
72,81.09827760264832,81.95417207120154,80.3988352251909,81.75170135498047,81.7608981511238,82.40512378526046,81.4848074691706,81.93576049804688,81.98176955778472,82.12901650002283,80.25157059166263,80.51846313476562
73,102.23553937484596,103.2889201828547,102.17807719203856,102.96332550048828,103.08782104711568,103.61450779930942,102.85799423354136,103.06866455078124,103.11656053163246,103.23147760487556,102.3791960699972,102.48452758789062
74,112.40375799435456,114.54085341849292,111.91359684659464,113.6585693359375,114.27616273842813,115.57999310718434,113.95265460556108,114.266357421875,113.61934606675712,114.11931248995184,111.65870163930408,111.73712921142578
75,112.57040586031658,113.8742362489729,111.87437795972376,113.73698425292967,114.32519053463948,115.45255520821908,113.75660179956752,114.58987426757812,114.5408381851264,114.92317071045512,110.51172096731682,110.63916015625
76,137.82560235470777,139.36678015345188,136.90683806704422,139.2185821533203,140.26578761215777,140.51276921490646,138.2207877801702,140.30531311035156,140.23614557760254,140.28554491114525,138.30969216591785,138.5369110107422
77,114.51000213623048,118.30999755859376,113.20999908447266,117.6500015258789,119.12999725341795,119.9800033569336,116.02999877929688,119.9800033569336,121.1500015258789,121.77999877929688,115.1500015258789,116.4499969482422
78,178.5,183.3999938964844,178.3699951171875,181.1699981689453,181.22000122070312,183.3999938964844,180.2700042724609,181.17999267578125,182.259994506836,182.58999633789065,174.72999572753906,177.67999267578125
79,193.58999633789065,198.94000244140625,188.6600036621093,197.08999633789065,197.5800018310547,200.6000061035156,195.3300018310547,197.509994506836,197.72999572753903,197.9600067138672,190.3800048828125,190.97999572753903
80,176.1300048828125,178.24000549316406,175.77999877929688,177.92999267578125,178.8300018310547,179.08999633789062,177.49000549316406,178.35000610351562,178.5,178.66000366210938,174.99000549316406,176.57000732421875
0,0.0491185548267874,0.0518693178892135,0.0491185548267874,0.0518693178892135,0.0518693193329368,0.0522625558078289,0.0518693193329368,0.0522625558078289,0.0518693329037079,0.0518693329037079,0.0506902523338794,0.0506902523338794
1,0.0632244917044006,0.0644636939565256,0.0630179571967525,0.0640506297349929,0.0640506701446345,0.06446373462677,0.0630179969548793,0.06446373462677,0.064463696743483,0.064463696743483,0.0623977140071349,0.0626042485237121
2,0.0744934607501403,0.0761581137776374,0.0744934607501403,0.0761581137776374,0.0765740964122875,0.0774067485846743,0.0765740964122875,0.0769907459616661,0.076990788124141,0.076990788124141,0.0753261297941207,0.0753261297941207
3,0.0945996374348998,0.0962739549250252,0.0939720087408194,0.0952272564172744,0.0952272641056082,0.096901591442619,0.0952272641056082,0.0954371243715286,0.0954371129338168,0.0960647416033513,0.0920884683728218,0.0920884683728218
4,0.0859196277335308,0.087179566584527,0.0859196277335308,0.0869695767760276,0.086969581454163,0.0878101938443778,0.0865496018145734,0.0873902142047882,0.087390159761678,0.087390159761678,0.0861295685172081,0.0861295685172081
5,0.1590607776991893,0.1620221734046936,0.1590607776991893,0.1620221734046936,0.1620222442354163,0.163291498506774,0.1607529801490733,0.1624451130628585,0.1599065397414597,0.1599065397414597,0.154407283540331,0.1552536785602569
6,0.1727456608787066,0.1765653938055038,0.1723213905392836,0.1765653938055038,0.1765654488000899,0.1799609321400804,0.1765654488000899,0.1769897192716598,0.176565315378941,0.176565315378941,0.167228102684021,0.167228102684021
7,0.1785485813380679,0.1845005005598068,0.1785485813380679,0.1845005005598068,0.1845005673937247,0.1879014877847245,0.183650016739161,0.186625987291336,0.1853504916163985,0.1853504916163985,0.181949570775032,0.181949570775032
8,0.2560630906062573,0.259477254057777,0.2560630906062573,0.2586233913898468,0.2586233965580348,0.2628914227627746,0.2569163048964676,0.260330468416214,0.2594771675273449,0.2594771675273449,0.2475276291370391,0.2475276291370391
9,0.758259102417651,0.7685173582161772,0.758259102417651,0.7668076753616333,0.768517318498835,0.7796307324928118,0.768517318498835,0.7727919220924377,0.772791845004597,0.7745015276002387,0.759114146232605,0.759114146232605
10,0.7591142219560626,0.775356128899209,0.7591142219560626,0.7727919220924377,0.7736468483766881,0.7830505844937804,0.7736468483766881,0.7796311378479004,0.7796307011489904,0.7847598285769691,0.7659530808981294,0.767662763595581
11,1.374611563700023,1.436161728334763,1.374611563700023,1.4293228387832642,1.4293236814942392,1.4344528913497925,1.37803174161005,1.4344528913497925,1.434452283491243,1.4361619664948233,1.398548305730947,1.408806562423706
12,0.3573305432081447,0.3795567750930786,0.3522014158245301,0.3795567750930786,0.3795569170541072,0.3898151756581074,0.372718064762165,0.3829763233661651,0.382976324614535,0.3846860476100504,0.3710083429815812,0.3727180659770965
13,0.6325951378790685,0.6565310955047607,0.6325951378790685,0.6565310955047607,0.6565312671686313,0.6667895260710742,0.6565312671686313,0.6599506735801697,0.6548213641116075,0.6548213641116075,0.6343048519469284,0.6394339799880981
14,0.7984377437860701,0.8240833878517151,0.7984377437860701,0.8240833878517151,0.8275031447410583,0.8411807738299841,0.8275031447410583,0.8275031447410583,0.827503273815075,0.8377615368996916,0.8138255632570237,0.8155352473258972
15,0.7556954450227986,0.7727925240081889,0.7522759974914449,0.7625342607498169,0.7693725531872162,0.781340571739048,0.7693725531872162,0.7745016813278198,0.7745015276002387,0.7779209721271415,0.7556947810413215,0.759114146232605
16,0.4684623855924134,0.4872692159747332,0.4684623855924134,0.4855594933032989,0.4855596485299615,0.495817908502352,0.4855596485299615,0.4872693717479706,0.4872693439436177,0.4941081570897568,0.47530136143613,0.4770110845565796
17,0.5402703849769115,0.5522383688278083,0.5334315710631139,0.5505286455154419,0.5505286734824719,0.5573675274115195,0.5505286734824719,0.5556578040122986,0.5556576863004599,0.5573674093374891,0.5436897440447389,0.5453994274139404
18,0.547109074042443,0.553947925567627,0.5453993512441916,0.553947925567627,0.5539479550644336,0.5590770840644836,0.5488188260643836,0.5590770840644836,0.5590772224094399,0.5624966293663387,0.5471092385585431,0.5505286455154419
19,0.889052206044267,0.9129887969722158,0.889052206044267,0.9044402241706848,0.907859878261638,0.9181181362519608,0.907859878261638,0.9095695614814758,0.9095692828768318,0.9164080929970766,0.8856326937675475,0.8856326937675476
20,0.7715982216351752,0.790714336763374,0.768122622986659,0.7872386574745178,0.7889764391190455,0.7994033950458953,0.7889764391190455,0.7924520373344421,0.7872383774110918,0.7872383774110918,0.764646671671473,0.7698601484298706
21,0.8949840982741184,0.9123623371124268,0.8880328188668664,0.9123623371124268,0.9141000481207224,0.9297411294928788,0.9141000481207224,0.9175763726234436,0.917576152642998,0.917576152642998,0.9019349943803234,0.9036728739738464
22,0.8747627749253539,0.9079373360628776,0.8747627749253539,0.8974611759185791,0.8974612706854687,0.90269935131073,0.8922231900602073,0.90269935131073,0.902699725712987,0.9166678924931808,0.8904774785041809,0.8904774785041809
23,0.8714885843103758,0.8961366764779245,0.8714885843103758,0.8926154971122742,0.8943759799003602,0.9102211618843048,0.8943759799003602,0.8943759799003601,0.8943759628645859,0.8961365113750493,0.8662066965212513,0.8732490539550781
24,0.8333486026479441,0.8460024041046343,0.8297331948536503,0.8423870801925659,0.8441947689371416,0.8514255008729542,0.8441947689371416,0.8496178388595581,0.8478099051882096,0.8478099051882096,0.8351560235023499,0.8351560235023499
25,0.8369640104422379,0.8441947421486001,0.8333486026479441,0.8423870801925659,0.8423871673209574,0.8460024916069601,0.840579421295722,0.8441948294639587,0.8441944984376496,0.8441944984376496,0.8351560235023499,0.8351560235023499
26,1.4235706650110218,1.4547972782690028,1.4235706650110218,1.4437761306762695,1.443776357011918,1.462144825565088,1.443776357011918,1.4547975063323977,1.4511237545759212,1.4511237545759212,1.4290815399808503,1.4309184551239014
27,4.622530500918632,4.711998462677002,4.622530500918632,4.711998462677002,4.711999214402025,4.771644993043296,4.6821763250813895,4.7567338943481445,4.756734158033564,4.756734158033564,4.622531494616465,4.659809589385986
28,3.213403354229078,3.34015006045318,3.213403354229078,3.3103275299072266,3.3103275618340144,3.3699729694661955,3.2954154315046704,3.3550615310668945,3.3476063842936297,3.3476063842936297,3.2655932903289795,3.2655932903289795
29,3.608554293222876,3.698022907435057,3.608554293222876,3.6905670166015625,3.690567503085624,3.7502129077911377,3.6458328441177312,3.7502129077911377,3.690567088220964,3.690567088220964,3.5861873822461114,3.608554363250733
30,3.34302486791938,3.402855157852173,3.3355462118168075,3.402855157852173,3.4028556914034,3.455206986404644,3.3804193725403726,3.410334348678589,3.410333748337933,3.410333748337933,3.3654611185110648,3.3804187774658203
31,3.844103544673469,3.911413173364988,3.844103544673469,3.881497859954834,3.881498762426861,3.926371395937904,3.8665414492814656,3.8889777660369873,3.874018670535499,3.874018670535499,3.806709051132202,3.806709051132202
32,6.765158661543892,6.818070888519287,6.742482594127984,6.818070888519287,6.825627735894155,6.878539241651962,6.825627735894155,6.84830379486084,6.840748440489259,6.840748440489259,6.727365284421009,6.7953948974609375
33,5.5780940526272245,5.775146292960302,5.5780940526272245,5.767567157745361,5.775146616049476,5.896408917751908,5.775146616049476,5.790304183959961,5.790304639252955,5.797883775487857,5.593252372401572,5.600831508636475
34,9.560077353800988,9.682250601415198,9.407359908471728,9.674614906311035,9.687455263224786,9.756269146670151,9.557473325696932,9.725685119628906,9.695105576892685,9.695105576892685,9.427495748695758,9.442788124084473
35,10.087496947430544,10.45655161807997,10.087496947430544,10.302778244018556,10.333528707258411,10.548810629654284,10.333528707258411,10.425792694091797,10.425795815324228,10.548813787715334,10.1490044855081,10.2105131149292
36,10.314360766951095,10.625034713906317,10.314360766951095,10.500764846801758,10.50076766592012,10.749307466854177,10.50076766592012,10.656105041503906,10.656104560277882,10.687172033991642,10.40756549137413,10.43863296508789
37,14.431567723241692,14.867943571083424,14.431567723241692,14.712095260620115,14.743262327139735,14.96145022121027,14.743262327139735,14.83677101135254,14.649751752535389,14.649751752535389,14.338055214473105,14.525074005126951
38,14.144845529421412,14.427742731725608,14.144845529421412,14.39630889892578,14.3963119795655,14.52204442051236,14.239147157671509,14.427745819091797,14.36488036809864,14.36488036809864,14.081984519958496,14.081984519958496
39,15.5907664098727,15.842229843139648,15.49646780472,15.842229843139648,15.842235530592166,16.062266660660377,15.77937074364103,15.905101776123049,15.905098985793202,15.999399066835748,15.716500282287598,15.716500282287598
40,16.467927125840248,16.688339233398438,16.404953490342393,16.688339233398438,16.688339372860238,16.861519794137045,16.65685255484818,16.71982765197754,16.719822523057946,16.782797600869273,16.56238555908203,16.56238555908203
41,20.44147834392646,21.07336265693576,20.409883248638987,21.04176902770996,21.0417760231538,21.13655840840373,20.63104991030045,21.104963302612305,21.104965053019285,21.16815380378072,20.694240372163364,20.757429122924805
42,19.90644610360329,20.175451278686523,19.748207419778986,20.175451278686523,20.175452180097167,20.412811684983723,20.064685683889348,20.349515914916992,20.349513011612565,20.36533658473535,19.85897343353588,19.96973991394043
43,20.82423324696979,21.251478619349427,20.82423324696979,21.219831466674805,21.267303068031964,21.726195611909144,21.267303068031964,21.362247467041016,21.362246116344515,21.39389326831625,20.950824329439897,21.01412010192871
44,21.48883324356053,21.99519788543013,21.48883324356053,21.884429931640625,21.91790363785831,22.26656208655596,21.743575148905165,22.02884101867676,21.99714191315087,21.99714191315087,21.188887765430472,21.53754615783692
45,24.295120494091503,24.83395675133476,24.27927271494708,24.69132232666016,24.707170431273305,24.976587076614315,24.707170431273305,24.7230167388916,24.723013158201343,24.770557957336205,24.041545548155177,24.08909034729004
46,25.595153572210016,26.791187541018648,24.925372181703377,26.40845489501953,26.45629471079995,26.982550206601527,26.45629471079995,26.79118537902832,26.26493891035642,26.26493891035642,24.829696290337555,24.87753677368164
47,22.96388539573213,23.44230069229912,22.96388539573213,23.34661674499512,23.39445091816341,23.681499704395176,23.39445091816341,23.537975311279297,23.49013245871792,23.49013245871792,22.916036388108544,23.05956077575684
48,21.1937458997093,21.67215955397429,21.1937458997093,21.62431907653809,21.67216307021814,22.00705386652573,21.67216307021814,21.72000503540039,21.72000031305044,21.72000031305044,21.14590425560345,21.241586685180664
49,19.1844056194772,19.806345137302696,19.1844056194772,19.614978790283203,19.655635833740234,20.03916035579582,19.5597550739892,19.655635833740234,19.65563239325777,19.65563239325777,19.320049051343265,19.415929794311523
50,26.306900638422192,27.806006206642675,26.306900638422192,27.75765037536621,27.757651192751464,28.43466576196419,27.27406593823256,28.04779815673828,27.80600592786245,27.80600592786245,25.774959308449898,26.065109252929688
51,31.916457165826287,32.980339171085355,31.916457165826287,32.64183044433594,32.64183054446749,33.173771548728794,32.545112910257934,32.690189361572266,32.69020188666285,33.125425423468364,31.7230341498386,31.86811065673828
52,28.04779595333073,29.160036865039302,28.04779595333073,28.72481346130371,28.72481501476889,29.01496496359949,28.04779747018216,28.96660614013672,28.966608433765504,28.966608433765504,27.95108502842044,28.28959083557129
53,29.69197790643256,30.8042188179899,29.64361908559166,30.139291763305664,30.13929544018704,30.46571378075264,29.49854921372754,30.17556381225586,30.1755563912818,30.51406510327075,29.837047679292848,29.885406494140625
54,26.098627195992567,26.96338888512678,26.098627195992567,26.706296920776367,26.70629762568376,27.111411790419567,26.22327862882251,26.8776912689209,26.768617695038056,26.768617695038056,25.786995972016125,25.79478645324707
55,16.533939160813365,17.14805709244251,16.41584037825774,16.95122528076172,17.124443827483766,17.470868671892863,16.94335825174854,17.281909942626953,16.73077265279708,16.888238712534836,16.337107503452692,16.42371368408203
56,14.329415252655156,14.762447701395544,14.274301672098442,14.667966842651367,14.723081814832494,14.951407787560976,14.24281041358915,14.849055290222168,14.72308031730222,14.84118062875075,14.132583326852558,14.37665557861328
57,16.341668283988607,16.81198953415682,16.26992423385628,16.69241714477539,16.780104423605156,17.17868163430488,16.780104423605156,16.963449478149414,16.939537862266878,16.96345203613736,16.022809368790934,16.198183059692383
58,16.70039102066663,17.178683731908237,16.70039102066663,16.98736572265625,17.218538705873417,17.234483027420545,16.88373415478213,17.019250869750977,17.090994048230645,17.098965437967166,16.724302414057373,16.78010368347168
59,17.96786194344774,18.20700823363641,17.800459694441514,18.151206970214844,18.21498124748505,18.2946966846594,17.856262550829793,18.23889541625977,18.214981073991307,18.23889524253825,17.85626238075277,18.047578811645508
60,21.045049036270687,21.51596470099181,20.988213954028325,21.37793731689453,21.43477910607913,21.4916142061052,21.31298983028236,21.418540954589844,21.37794306836595,21.4753735428417,21.11812794649279,21.150604248046875
61,26.83211590505524,27.275215940093048,26.64338899374304,27.16033744812012,27.39829575756381,27.7757495243322,27.07827964178184,27.55420112609864,26.873145489656764,26.955199287432464,26.044384680618386,26.58595085144043
62,27.33652374993743,28.049941118464897,26.916865720983235,27.83172035217285,27.98280271623358,28.318530482689305,27.806547079626096,27.89887237548828,27.89886586913059,28.117086625218967,26.96722457613653,27.160266876220703
63,26.69025224345765,27.563141785432915,26.648287077383955,27.19384384155273,27.35331002069505,27.44563529787592,26.866505178009287,27.302949905395508,27.07633601189009,27.109909424349897,26.14469622828823,26.228628158569336
64,27.36033712844773,28.624428546891284,27.19914560966634,28.369911193847656,28.8534903285514,29.566131830310344,28.208720987113665,29.17587661743164,28.71775135150411,28.88742852843508,27.860886300671044,27.92027282714844
65,17.910864872101143,18.60835649110959,17.17893177739462,18.393081665039062,18.660022539703927,19.064738633380102,17.89364466186855,18.479190826416016,18.479192495511008,18.65141303396766,17.351152731628567,17.428651809692383
66,22.31108546207908,22.79330066921683,22.17330968861114,22.578025817871094,22.629691100351213,22.689967790975345,22.13886310009048,22.612468719482425,22.586639882088967,22.79330356857897,21.992482399336566,22.26803398132324
67,29.16404262016882,29.8244602732645,28.89987623074213,29.569101333618164,29.80684459850137,30.220707345269723,29.709986177757067,29.99176406860352,30.01818470193531,30.22951983484067,29.3577670303108,29.392990112304688
68,30.097433338743308,30.960378646850582,30.01818308804684,30.960378646850582,31.03082802055721,31.444687497890538,30.83710441900237,31.14529800415039,30.99560018451184,31.127681689727968,30.299959502910923,30.38801383972168
69,57.32739908616147,58.01830815902109,56.8455774946467,58.000125885009766,58.1183123269091,59.02740527309205,58.05467609810944,58.50012969970703,58.22739901858276,58.29103523977724,57.09102950374741,57.38193893432617
70,74.08545254711542,75.09779894160484,73.91059022591493,74.90453338623047,75.03338903566205,75.69601791470096,74.80330995385445,75.45673370361328,75.69600130453935,75.74201991938544,73.66210351023817,74.10385131835938
71,82.9941215384849,83.6843587412263,82.9665131738082,83.5647201538086,83.80399118987523,83.8960284273303,83.44506843245782,83.69355773925781,83.62913216649137,83.93283116363762,82.83765970547553,82.9572982788086
72,81.09827760264832,81.95417207120154,80.3988352251909,81.75170135498047,81.7608981511238,82.40512378526046,81.4848074691706,81.93576049804688,81.98176955778472,82.12901650002283,80.25157059166263,80.51846313476562
73,102.23553937484596,103.2889201828547,102.17807719203856,102.96332550048828,103.08782104711568,103.61450779930942,102.85799423354136,103.06866455078124,103.11656053163246,103.23147760487556,102.3791960699972,102.48452758789062
74,112.40375799435456,114.54085341849292,111.91359684659464,113.6585693359375,114.27616273842813,115.57999310718434,113.95265460556108,114.266357421875,113.61934606675712,114.11931248995184,111.65870163930408,111.73712921142578
75,112.57040586031658,113.8742362489729,111.87437795972376,113.73698425292967,114.32519053463948,115.45255520821908,113.75660179956752,114.58987426757812,114.5408381851264,114.92317071045512,110.51172096731682,110.63916015625
76,137.82560235470777,139.36678015345188,136.90683806704422,139.2185821533203,140.26578761215777,140.51276921490646,138.2207877801702,140.30531311035156,140.23614557760254,140.28554491114525,138.30969216591785,138.5369110107422
77,114.51000213623048,118.30999755859376,113.20999908447266,117.6500015258789,119.12999725341795,119.9800033569336,116.02999877929688,119.9800033569336,121.1500015258789,121.77999877929688,115.1500015258789,116.4499969482422
78,178.5,183.3999938964844,178.3699951171875,181.1699981689453,181.22000122070312,183.3999938964844,180.2700042724609,181.17999267578125,182.259994506836,182.58999633789065,174.72999572753906,177.67999267578125
79,193.58999633789065,198.94000244140625,188.6600036621093,197.08999633789065,197.5800018310547,200.6000061035156,195.3300018310547,197.509994506836,197.72999572753903,197.9600067138672,190.3800048828125,190.97999572753903
80,176.1300048828125,178.24000549316406,175.77999877929688,177.92999267578125,178.8300018310547,179.08999633789062,177.49000549316406,178.35000610351562,178.5,178.66000366210938,174.99000549316406,176.57000732421875
0,34.761995069356495,34.94695107784649,34.7327914890686,34.917747497558594,34.966416500928105,35.15137249021475,34.93721292367231,35.11243438720703,35.054024440330146,35.054024440330146,34.78145774098851,34.81066131591797
1,37.37458862960339,37.6192507704099,37.364802143971126,37.58010482788086,37.63882518186004,37.70733058390712,37.589892751826426,37.69754409790039,37.75626828227511,37.76605476964739,37.492033123223415,37.5018196105957
2,38.627242953746745,38.95998332882336,38.59788350888704,38.92083740234375,39.01872050720307,39.16551780030767,38.83277726927057,39.008934020996094,38.96000098268141,39.00893341295355,38.774057747647255,38.80341720581055
3,38.698656332981415,39.16146469116211,38.659268387604335,39.16146469116211,39.28948081006018,39.38795068677713,39.07284708128291,39.2697868347168,39.319023670244825,39.466728492447096,38.58049955923346,38.89560317993164
4,38.639587681043096,38.91530339334412,38.55096477351777,38.81683349609375,38.954676329502114,39.01375824506759,38.905441399864216,38.96452331542969,39.08268840394495,39.112229362678086,38.20630662819512,38.29492950439453
5,41.025353961117816,41.90034939218384,40.96569518172696,41.84069061279297,41.84069393842648,42.47705430250902,41.67166071671706,41.88046646118164,41.68160436474856,41.85063758855598,41.37336730957031,41.37336730957031
6,49.73500948542368,50.48826588918111,49.56427136723867,50.317527770996094,50.337601004353694,50.6790771484375,50.05638535628468,50.6790771484375,50.819659708397175,51.22139614877977,49.433668989077255,49.97601318359375
7,51.40219343113968,52.30610070132384,51.40219343113968,52.275970458984375,52.32618263436499,52.40652993975365,51.98470658646318,52.316139221191406,52.2659561997377,52.34630355746213,51.18126687045798,51.803958892822266
8,61.96539926916603,62.75774371883733,61.94508274481549,62.47331237792969,62.81867822750594,62.94057734437691,62.18886612367261,62.89994430541992,62.4123779296875,62.63585975170136,61.518450641632086,61.76224899291992
9,72.6187269990248,73.47787813535129,72.49599112240672,73.33468627929688,73.53926350267734,73.84610326694443,73.2119677541258,73.70291137695312,74.13248701901428,74.21431095612137,73.10968780517578,73.10968780517578
10,71.04359295974436,71.94365575566395,70.419685794391,71.75955200195312,71.92322045801447,72.25051611425117,71.39136501662983,72.08686828613281,72.41414234951868,72.5368781840094,71.37088775634766,71.37088775634766
11,87.13573188969654,88.38881289262658,86.78362648391456,88.29560852050781,88.44059679516019,88.93768680056624,88.08849137466423,88.52344512939453,88.39915352372456,88.6787665913371,87.21856501602721,87.65351867675781
12,99.3926799933099,100.29510508615456,99.1618270625822,99.99079895019533,100.65183019304467,100.69380343332536,99.4975660853263,100.4944305419922,99.76863053400224,99.81070924785038,98.2958755493164,98.2958755493164
13,89.96421007353074,90.86890161543016,89.96421007353074,90.78474426269533,91.8788327936356,92.02610822976006,91.10037691697782,91.58428192138672,90.97413471180906,91.9629840021548,89.97476574816176,90.0063247680664
14,57.64256161021105,58.610526486946384,56.72298970229952,58.32013702392578,58.78338864882756,59.44022810437156,58.38928708550672,59.2742919921875,58.76957827104182,59.205162658045225,57.21391296386719,57.21391296386719
15,69.17460879048785,70.03266113139351,68.86068291854032,69.96987915039062,70.28379874459644,70.3884407004898,69.49550594518031,70.1861343383789,70.18610130544867,70.2837656657007,69.0280734305911,69.45361328125
16,79.36242314856126,79.83553177460773,79.00935604481738,79.74373626708984,79.96971265551588,80.08269673395047,79.6307658075895,80.06150817871094,79.67311988793435,80.14622849001526,79.27768108835636,79.36241912841797
17,84.24904761878597,84.9846279807962,84.04194156903654,84.83465576171875,84.87835324988872,85.07174456167331,84.68496193810412,85.04309844970703,84.77809392600008,84.81390977085181,84.32684379041399,84.43428039550781
18,93.65758299172634,94.8045944418119,93.57670379942547,94.65018463134766,95.03250914581064,95.16485077526796,94.34872162189018,94.84869384765624,94.73842761393864,94.74577618838616,93.20907707943604,93.46642303466795
19,102.16991717836942,102.66689448852496,101.99930441166362,102.62239074707033,102.85230723776723,103.1045025852422,102.34790522447308,102.94131469726562,102.81523438099508,102.9190802073894,102.08831359623478,102.29600524902344
20,105.22592551365376,106.2495564905502,105.21108716545923,106.16053771972656,106.39401978445484,106.58049275879534,106.09566757807292,106.17024993896484,106.3194298881022,106.5730417922487,105.73018027569016,105.87935638427734
21,106.2142183424905,107.58835971923546,106.1760451600654,106.87838745117188,107.23721332956532,107.44333923199407,106.83260315183372,107.1456069946289,106.74863460687338,106.77153619228338,105.35157965274992,106.03865051269533
22,96.0195147351766,98.05268978479695,95.78934176595853,97.8071746826172,98.12176857862494,99.08848130049633,97.86091126262448,98.33659362792967,98.46701043891817,98.52072254832558,96.02720694089211,96.29573822021484
23,98.08338206435582,99.95543852989152,98.01433368007405,99.38768005371094,99.68690723107387,100.1242371044944,99.2035568058701,99.8710479736328,100.07050320161612,100.10886731134556,97.94526966618128,98.5053482055664
24,86.38054745782841,88.1867980078361,85.92498782741062,88.1788101196289,88.43455408331809,88.76223429867342,87.5793806122275,88.48250579833984,86.80413850085765,87.37958353659539,85.08579737959205,85.37351989746094
25,108.31283289617018,109.10004945633172,108.21543545015608,108.95397186279295,109.05135837160168,109.31106838621082,108.7997720347335,109.18121337890624,108.0368785681688,109.20554875000828,106.69778454194248,106.98995208740234
26,106.7059383739088,107.46070999376154,106.64101085085038,107.39578247070312,107.79342460065196,108.19921220288242,107.4363295293044,108.0612335205078,108.40210719478546,108.499492257621,106.2270791834372,106.25953674316406
27,94.36756414029432,95.84141481045964,93.02545726008086,95.7096710205078,97.5952117290152,98.4432919617104,96.20369778494856,96.78006744384766,96.97766956726134,97.5622684577408,94.66397439366268,94.80394744873048
28,144.07446749184643,144.80141735202855,144.0060463785364,144.63037109375,144.88695239258905,145.3060137834519,144.0317080194081,145.05799865722656,144.98954095090156,145.2204605273823,144.2796867343054,144.31390380859375
29,163.85809537466764,164.79542079933546,163.163778773841,164.71730041503906,164.9342879115114,165.26409130534338,164.6999664671465,164.8648681640625,164.7173133161586,164.7954337065736,163.84942080789642,164.08375549316406
30,185.9608152344057,187.54478600746316,185.83693038364447,186.8545684814453,187.2969893106395,187.57130476189948,186.8102940733553,187.2881317138672,187.88984939148585,188.02257830580345,186.30587900098757,186.5094146728516
31,185.29709574773747,186.5094116561048,185.19091261800085,186.4651641845703,186.91645815812944,187.61553311016385,186.8014309337237,186.99610900878903,186.7394763095517,187.1199883551145,184.70421417677403,184.85464477539065
32,185.2705343864557,187.07572845477983,185.20859873346149,186.66867065429688,187.13767384941417,187.6774605790063,186.8899042196767,187.2704162597656,186.39438728861856,187.1376962668729,185.54488166887523,185.8368988037109
33,195.44236235705256,196.9306548970886,195.04973556253492,196.83023071289065,197.06757616747163,197.9715189987516,196.04494390508435,197.80715942382807,197.58805737391373,198.01720076939148,195.43321472533364,196.017578125
34,241.35940491358951,248.51321810094785,241.218402235513,247.7611846923828,249.63192242733737,250.65660897200493,248.47567161552595,249.716552734375,247.6296171245555,249.21828571128611,242.53449989160455,244.15139770507807
35,248.9174690139578,251.2299990454304,248.4474409521329,250.34634399414065,250.99500213975668,251.31461780101648,249.58491785807263,250.5813751220703,251.2394208212881,251.8316607976737,248.57904579851456,248.65426635742188
36,258.7320516762846,260.3845374077937,258.2882400699967,260.1484680175781,260.87549580219354,261.30043214090136,260.2333941136619,260.5922241210937,260.58280711113656,260.6017111037866,258.4298555945547,258.9586486816406
37,262.3694825730143,266.3723730730203,261.86675118320943,265.9739685058594,266.0119285565207,266.6853923797263,263.28009413040587,266.0214233398437,265.0254660322497,265.6610087123221,260.8233869375259,262.1798095703125
38,288.74191621185884,289.5893208840847,288.41451520432423,289.51226806640625,289.9745089746919,289.9745089746919,289.0693293447581,289.60858154296875,289.5122958329014,289.73378597117016,288.347128990362,288.6745300292969
0,26.64769116520672,27.466138771003497,26.455115257960426,27.393922805786133,27.73092717537132,28.09200695630063,27.39391937983729,27.7549991607666,28.01979872119097,28.067942705248,26.98470306396484,26.984703063964844
1,22.77254635052089,26.672284731899737,22.579966677366382,26.38341522216797,26.69635544064461,27.490746540321137,26.383413492287183,26.64821052551269,26.28713035583496,26.3352752832266,24.758528911150417,25.035362243652344
2,12.17299201811886,12.713669705812269,12.17299201811886,12.628706932067873,12.68277444406915,12.875873932271643,12.590086041509792,12.760014533996582,12.551469097131791,12.628709201606789,12.342921257019045,12.342921257019045
3,13.169386370086691,13.462898458707636,13.107594584045293,13.362485885620115,13.509242521265522,13.532414994507514,13.308418839532294,13.424278259277344,13.432001637083458,13.48606926494283,13.107594396694848,13.130766868591309
4,15.131278726652114,15.44796182623126,15.084935253678504,15.39389419555664,15.432513766061904,15.44023792389066,15.27803502918419,15.409342765808104,15.679680460395494,15.679680460395494,15.200794475021077,15.216242790222168
5,15.286736311582253,15.532656393575984,15.286736311582253,15.492992401123049,15.492993551683629,15.588187745873846,15.453328043200676,15.516791343688965,15.469195826772212,15.627854850742173,15.350202315337036,15.381933212280272
6,15.802377517410225,15.953103428865472,15.786511313449775,15.929304122924805,15.945166150890891,16.016562536929893,15.905500651378064,15.953099250793455,15.992764715794046,16.000697816430048,15.77064243723871,15.802374839782717
7,18.103929839901536,18.34403439066477,18.03990185792817,18.280006408691406,18.3680517465758,18.400064985251795,18.23199204746976,18.30402374267578,18.40806789189313,18.40806789189313,18.127944814315597,18.223987579345703
8,18.80023543676256,19.000323087038723,18.72820376053933,18.96030616760254,19.060920032973197,19.07701915126471,18.956277299374747,18.964326858520508,19.004587664078635,19.101179369357965,18.80335315356632,18.891895294189453
9,17.757268775254293,18.016735473335192,17.619426898580876,17.976194381713867,18.1221454769047,18.25998735883317,17.943760955265756,18.105928421020508,18.187010361591625,18.187010361591625,17.78159328370164,17.854568481445312
10,18.467699917950743,18.897557547119018,18.38659420870453,18.80023193359375,18.86511482961657,18.873225554651903,18.62990844447973,18.816452026367188,18.78401098262927,18.78401098262927,18.41092687590812,18.451478958129883
11,17.81276904159152,18.08118057250977,17.69076408233363,18.08118057250977,18.219446538372463,18.52852730904009,18.12997709539112,18.40652084350586,18.479731343533068,18.48786521451437,17.93477439880371,17.93477439880371
12,19.049088754414267,19.3175002751294,18.935217670285777,19.228029251098636,19.260557875629623,19.382562786811704,19.13041909685185,19.301225662231445,19.325630014980884,19.325630014980884,18.902678148080405,19.057218551635746
13,12.767372221567651,13.2186612297731,12.726345805819191,13.103787422180176,13.136610031127931,13.243277629813155,13.038147090601182,13.13661003112793,13.087375716045631,13.194044077247048,12.529419157663886,12.603265762329102
14,12.316081959985516,12.767370922264424,12.26685010959481,12.56223964691162,12.791989086562072,12.833015506571456,12.50480492901028,12.595063209533691,12.650312756634694,12.75751889025383,12.328694355777284,12.402914047241213
15,19.914808820123238,20.04874603112945,19.88132371904293,20.04037475585937,20.05711594415197,20.14082710117357,19.998518613234108,20.132455825805664,20.015259908273134,20.10734233488568,19.7641280496211,19.864580154418945
16,22.24496437423075,22.405729400290443,22.202656514309908,22.380346298217773,22.45649575433524,22.532646663995926,22.321112235023875,22.47341728210449,22.515719730405756,22.558025960490973,22.024960037572747,22.041881561279297
17,28.640898710077007,28.94962277749688,28.570331286186764,28.91433906555176,28.958440780527624,29.02900482835094,28.914334465193686,28.93197631835937,29.03656534830768,29.05429259582311,28.69975778889472,28.72634696960449
18,32.57926997264506,32.90130615234375,32.5703260398367,32.90130615234375,32.99075837088935,33.017593578333546,32.7939577498668,32.919193267822266,32.963927124355386,33.03549224343005,32.65978219311345,32.758182525634766
19,36.099479745055454,36.20732233696621,36.00062917802175,36.198333740234375,36.27922044234088,36.27922044234088,36.09948618523675,36.20732879638672,36.34211141320322,36.34211141320322,35.96467271964523,36.009605407714844
20,35.62308252087221,35.957019740926114,35.50575192462076,35.90286636352539,35.96603609234414,36.17362227436636,35.86676008546766,36.011165618896484,35.893839240823894,35.93896532974916,35.352315845020954,35.451595306396484
21,37.83429887049648,38.18629072255238,37.83429887049648,38.16823959350586,38.24043287182168,38.42996796672469,38.16823181325397,38.34873962402344,38.25848036325413,38.30360645093522,37.75306267258624,37.9155158996582
22,39.02482913523084,39.27989226504443,38.91551686173566,39.26167297363281,39.35276501531904,39.498515855284246,39.27988785784938,39.2981071472168,39.19790856510527,39.26167434979372,38.66045161203501,38.687782287597656
23,43.747192947584026,43.91512871605595,43.67255680549474,43.86848068237305,43.99910005467947,44.12971598285305,43.98977187081727,44.0270881652832,44.00842354514653,44.02708346989802,43.68188375953728,43.78451156616211
24,64.7239801256833,65.41182285187159,64.5902337387724,65.40226745605469,65.61245994013828,65.82263497240422,65.47871351753875,65.68888854980469,65.86084360529387,65.97547922128766,64.96282574063437,65.18255615234375
25,66.57733530234975,67.36071014404297,66.49135131471073,67.36071014404297,67.56135219349615,67.83840046346484,67.3798360503981,67.57090759277344,67.9148221907363,68.15365615363291,66.56780243008915,66.79708099365234
26,68.20508569830477,68.7244146558855,67.82039676631929,68.69556427001953,68.85905963739532,69.1668093376668,68.76288923181016,68.83982849121094,69.10911862123007,69.14758825653004,68.14739975072848,68.3108901977539
27,78.83938103442432,79.21991704088944,78.70277874719409,79.17112731933594,79.38578059683825,79.53214229955803,79.21014804242759,79.4345703125,79.33698948148567,79.34674891329892,78.5564061545272,78.69300842285156
28,101.05030348990488,102.91116224967936,100.89193686983464,102.82207489013672,103.74258975034492,104.752206077474,103.4159562813986,103.56442260742188,103.13880708467786,103.71290208193226,100.67416776765226,101.22846221923828
29,123.39044626420257,124.78608267200352,122.61838356542196,124.62771606445312,126.409380311636,126.4192805845336,123.53891285867898,125.7363052368164,123.72699327404456,123.82597335832452,117.5901374283305,118.57005310058594
30,108.62490561643932,111.59100822598565,108.23802299642992,111.54141235351562,112.80126358610244,113.59487325840558,110.88668725246214,113.30718994140624,113.36670760652522,113.47582912528152,109.4383556365666,109.77564239501952
31,135.931285596618,137.43587068174494,134.954800617058,137.35617065429688,138.73121712314892,139.3490063692,137.93408000845864,138.5319366455078,137.8643376733636,137.93407899817052,134.98469146078256,135.03451538085938
