,Open_0,High_0,Low_0,Close_0,Open_1,High_1,Low_1,Close_1,Open_2,High_2,Low_2,Close_2
0,0.0581566938668877,0.0587459195563162,0.0577634572982788,0.0577634572982788,0.0581566616892814,0.0581566616892814,0.0581566616892814,0.0581566616892814,0.0581566938668877,0.0583533121511922,0.0577634572982788,0.0577634572982788
1,0.0473065987848169,0.0473065987848169,0.0467148385941982,0.0467148385941982,0.0467148628124473,0.0473066233098506,0.0467148628124473,0.0473066233098506,0.0473065987848169,0.0473065987848169,0.0467148385941982,0.0467148385941982
2,0.0511146105398591,0.0511146105398591,0.0509095974266529,0.0509095974266529,0.0511146292976944,0.0517277571522736,0.0511146292976944,0.0513190068304538,0.0511146105398591,0.0511146105398591,0.0509095974266529,0.0509095974266529
3,0.0592603827475703,0.059670326756269,0.0582348899787115,0.0584398619830608,0.0584398740351129,0.0592603949688384,0.0584398740351129,0.0586448460817337,0.0586448339874101,0.0586448339874101,0.0584398619830608,0.0584398619830608
4,0.0681832388235891,0.0685963078475499,0.0677695274353027,0.0677695274353027,0.0679767500019112,0.0690094232559204,0.0679767500019112,0.0690094232559204,0.0690093768715107,0.0690093768715107,0.0677695274353027,0.0677695274353027
5,0.0809793487056422,0.0809793487056422,0.0795257974695929,0.0801491141319274,0.0805642373621034,0.081186913338325,0.0805642373621034,0.0809793546795845,0.0809793487056422,0.0809793487056422,0.0797340016626043,0.0801491141319274
6,0.0886500825596115,0.0886500825596115,0.0878101239490249,0.0882301032543182,0.0882301724525316,0.0886501520872116,0.0882301724525316,0.0886501520872116,0.0886500825596115,0.0890707149754205,0.0882301032543182,0.0882301032543182
7,0.0949523696250579,0.0949523696250579,0.0932717993855476,0.0932717993855476,0.093271855598442,0.0953723966382423,0.093271855598442,0.0949524268507957,0.0949523696250579,0.0955823288005268,0.0932717993855476,0.0932717993855476
8,0.0907512755591913,0.0911712548644846,0.0882301032543182,0.0882301032543182,0.0882301724525316,0.0903307139890335,0.0882301724525316,0.0886501520872116,0.0886500825596115,0.0894906942807138,0.0882301032543182,0.0882301032543182
9,0.0873901748809324,0.0873901748809324,0.0861295834183693,0.0861295834183693,0.0863395999539177,0.0882301611794502,0.0863395999539177,0.086969569325447,0.08675955259428,0.08675955259428,0.0852889714064133,0.0861295834183693
10,0.08675955259428,0.08675955259428,0.0852889714064133,0.0861295834183693,0.0861296153918455,0.0865495949983596,0.0861296153918455,0.0865495949983596,0.0865495628689764,0.0865495628689764,0.0861295834183693,0.0861295834183693
11,0.0767867488727164,0.0767867488727164,0.0744665265083313,0.0744665265083313,0.0750991228230536,0.0759425982832908,0.0750991228230536,0.0759425982832908,0.0759426125110858,0.0763650086163879,0.0744665265083313,0.0744665265083313
12,0.2853729397991356,0.2853729397991356,0.2836692333221435,0.2836692333221435,0.2836693107526314,0.2849472540150662,0.2836693107526314,0.2845214903354645,0.2845214126723653,0.2862251389137045,0.2828177061953732,0.2836692333221435
13,0.4770111978593635,0.4889791435417255,0.470172343420986,0.4753014743328094,0.4787207240546273,0.4872692992041432,0.4787207240546273,0.4838498532772064,0.4838500126299021,0.4855597361564562,0.4753014743328094,0.4753014743328094
14,0.4547848413293369,0.4547848413293369,0.4496557116508484,0.4496557116508484,0.4496559758738584,0.4582045171386171,0.4496559758738584,0.4547851085662842,0.4513654347662877,0.4513654347662877,0.447945988535409,0.4496557116508484
15,0.5351409145332897,0.5385603589843757,0.5334312319755554,0.5334312319755554,0.5351410807108683,0.5419799320689029,0.5351410807108683,0.540270209312439,0.54027004154211,0.541979763767653,0.5334312319755554,0.5334312319755554
16,0.83263194564177,0.83263194564177,0.8223736882209778,0.8223736882209778,0.8240836422141576,0.8309224562973228,0.8240836422141576,0.8257933259010315,0.8257930544708126,0.8257930544708126,0.8172445595105817,0.8223736882209778
17,0.7721397480737406,0.7721397480737406,0.768700361251831,0.768700361251831,0.7721394115406849,0.7807378349487263,0.7721394115406849,0.7755787968635559,0.7721397480737406,0.7721397480737406,0.768700361251831,0.768700361251831
18,0.7623770389958969,0.7641058309552932,0.7468183926731843,0.7571908235549927,0.7571908658956364,0.7641058736826107,0.7571908658956364,0.7606483697891235,0.760648327255143,0.7641058309552932,0.7502758963733345,0.7571908235549927
19,0.7046857823752981,0.7082447322492929,0.6940087676048279,0.6940087676048279,0.6975678404177152,0.7118038901453752,0.6975678404177152,0.7011268734931946,0.6975677174788226,0.6975677174788226,0.6904497351565901,0.6940087676048279
20,0.8369638599642385,0.8369638599642385,0.8243099769003686,0.8279253840446472,0.8279254157002748,0.833348484682938,0.8279254157002748,0.8315408229827881,0.8315407911889258,0.83334845281996,0.826117722413613,0.8279253840446472
21,2.689180191339871,2.69660872068479,2.674322787938694,2.6817514896392822,2.689180908152194,2.718895378163724,2.689180908152194,2.704038143157959,2.689180191339871,2.689180191339871,2.629750922446502,2.6817514896392822
22,3.7874907961751534,3.7874907961751534,3.459440251530593,3.481807231903076,3.5041759293296235,3.608555316925049,3.5041759293296235,3.608555316925049,3.605868597995333,3.605868597995333,3.411763845049801,3.486419439315796
23,6.178632483632024,6.178632483632024,6.026822786496944,6.042004108428955,6.057185272874503,6.171042027679072,6.057185272874503,6.14068078994751,6.133089926710003,6.133089926710003,6.034413095244446,6.042004108428955
24,8.790236381487107,8.790236381487107,8.637096528353116,8.759608268737793,8.759611291813057,8.851494951158871,8.759611291813057,8.820867538452148,8.790236381487107,8.790236381487107,8.667723930489851,8.759608268737793
25,9.999640454913022,9.999640454913022,9.754251020298724,9.876946449279783,9.876948342974144,10.09166396151032,9.876948342974144,9.999642372131348,9.999640454913022,10.030315023832198,9.84627259203452,9.876946449279783
26,10.554673709193548,10.554673709193548,10.338008789814271,10.492769241333008,10.709433761733568,10.833241974709573,10.709433761733568,10.771337509155272,10.709434160712284,10.709434160712284,10.338008789814271,10.492769241333008
27,12.266610542025214,12.266610542025214,11.550140011433964,11.597379684448242,11.794212923020517,11.991045538761016,11.597380307280016,11.841452598571776,11.841452358395625,11.841452358395625,11.4477871348992,11.621000289916992
28,34.99003482630761,35.19596347563763,34.613988681317565,34.82887268066406,35.14223424955898,35.518276900194955,35.061653193642044,35.213863372802734,35.115383571988446,35.142242792001554,34.52445682344219,34.837825775146484
29,51.66374967604137,51.86374775007019,50.69101711071888,51.19102096557617,51.44556704300793,51.95466031242192,51.40011309186176,51.76374816894531,51.58193117869328,51.68192848175063,51.05465564735798,51.19102096557617
30,107.12898230790896,107.3396526303594,106.46822198321968,107.02364349365234,107.32050373652594,108.364313633576,107.3013545457276,107.93338012695312,108.18235882665644,108.30684682668992,106.8129616020382,107.0140609741211
31,99.77384112722642,99.77384112722642,99.0792241413656,99.1274642944336,99.33971119549088,99.53265709082768,99.16605694552212,99.36865234375,99.58089354654128,99.67736649062678,99.06958031851572,99.11781311035156
32,110.70779069798718,110.77641295551469,109.70786530554857,109.78628540039062,110.04116887904854,110.77641054193752,109.79608832475222,110.17841339111328,110.22743529095348,110.53133279262822,109.73727416992186,109.73727416992188
33,111.63567971609758,112.60385087428644,110.79594380975996,110.85521697998048,111.50724720271552,112.2284292002954,110.98363991827462,112.02096557617188,111.01329012713629,112.5445714950526,110.6971539867623,110.8453369140625
34,112.85083019754413,113.1570849538992,112.38650360740588,112.62360382080078,112.62360486206008,113.66093055333316,112.62360486206008,113.46334075927734,113.46333839260372,113.51273772440727,112.10000275981564,112.63348388671876
35,145.7100067138672,145.7100067138672,143.92999267578125,144.32000732421875,145.08999633789062,145.42999267578125,144.44000244140625,145.1199951171875,145.5399932861328,145.63999938964844,144.00999450683594,144.3300018310547
36,104.70999908447266,104.87000274658205,99.61000061035156,103.5,105.5,107.63999938964844,103.9000015258789,106.02999877929688,104.38999938964844,104.87999725341795,102.6999969482422,103.37000274658205
0,88.37519957384,88.91533948660913,87.00407517988762,87.79351043701172,88.3752114294622,88.90496410728338,87.95971913313187,88.8738021850586,87.8350256686941,88.19858123851485,86.8586192811755,87.82463836669922
1,134.41738317661398,134.5279839117269,131.95023386779386,131.9672393798828,132.962594967053,133.9834967771062,132.63932150975486,133.91543579101562,132.9625799402425,132.98811416578326,131.2525916698781,131.95870971679688
2,225.28457577602708,225.5997476425221,223.6809658174219,223.6995086669922,224.78402584863505,225.91489919267585,224.53374689044904,225.7017059326172,225.8592875067052,225.91490191051565,222.42959587924452,223.71804809570312
3,259.26768092238353,259.6755802439446,251.08170225186407,251.6697998046875,253.6238330285212,257.8259113522625,252.5330040410896,256.1849060058594,252.23900780645369,257.0576401317962,248.79575877013383,251.6793365478516
4,387.3676617418854,389.04677399659664,384.6552426409842,386.9702453613281,387.5166491877378,391.5306239561347,387.45703825283937,390.0601501464844,389.3845862144549,390.92458608626976,386.1555287947111,386.9901123046875
0,1.2425086440278892,1.2536309476393015,1.2297975697816672,1.232180953025818,1.2345644549444657,1.263958762847294,1.2345644549444657,1.2591921091079712,1.2591916023894472,1.2758749405864331,1.2266196520805257,1.2313863039016724
1,1.858384941420264,1.859975909055987,1.8496339366050587,1.8528159856796265,1.8552024674433107,1.8727044752124264,1.8552024674433107,1.8631579875946045,1.863158071479358,1.8711134781857184,1.852020502090454,1.852020502090454
2,1.727234130507096,1.7341987920642696,1.6834564042573628,1.6934059858322144,1.697384476661682,1.7192733820576769,1.697384476661682,1.697384476661682,1.6973856135086538,1.713304921255805,1.6934059858322144,1.6934059858322144
3,1.8477996246489643,1.8517820047106155,1.8378439593330524,1.8438174724578855,1.8458105727540823,1.860744315436454,1.8458105727540823,1.849792957305908,1.845808491585782,1.845808491585782,1.8418261115241308,1.8438174724578855
4,4.314827233710328,4.323866768385658,4.242511875847352,4.275656223297119,4.278671529835687,4.3449607151044844,4.278671529835687,4.30277681350708,4.296748425816038,4.296748425816038,4.242511680037149,4.278669357299805
5,4.148045940811548,4.149555511154239,4.051439427409767,4.084648132324219,4.087664305623975,4.111816034327603,4.087664305623975,4.105778217315674,4.105779102839613,4.111816921153764,4.05143781670024,4.081627368927002
6,3.8401126887532175,3.8401126887532175,3.7435061700446006,3.785771608352661,3.791806022052077,3.828033606759496,3.791806022052077,3.803881883621216,3.803886443970213,3.806905355399792,3.779734691877226,3.7887916564941406
7,4.977622537570903,4.99951181873876,4.962300040753402,4.96886682510376,4.981999277548885,5.034533540581036,4.981999277548885,5.021399974822998,5.021396998527658,5.03453055650114,4.951351356002425,4.971051692962647
8,4.89701110603329,4.917644579794666,4.869499807684788,4.88096284866333,4.885551022745553,4.919940166500215,4.885551022745553,4.890136241912842,4.890132778569272,4.9107662502088045,4.869499306929739,4.878669738769531
9,5.955616191408639,6.001873404545794,5.909358978271484,5.909358978271484,5.955620765686035,5.990313702185177,5.920927829186893,5.955620765686035,5.932487584840062,5.978744797977217,5.874666068418619,5.909358978271484
10,12.151203832447155,12.189176344423554,12.049943800510096,12.12588882446289,12.18917751312256,12.239807533945498,12.125889987093885,12.18917751312256,12.16386133643929,12.201833848415689,12.07525880849436,12.12588882446289
11,16.560779543688696,16.587150211751894,16.204775524835515,16.257516860961914,16.29706727912627,16.44210590377869,16.29706727912627,16.415735244750977,16.442103996462336,16.442103996462336,16.19158276476002,16.270694732666016
12,13.662181095998797,13.702363981575262,13.046043517159635,13.072832107543944,13.113007276436678,13.34071016070575,13.113007276436678,13.246950149536133,13.34071801138706,13.421083782539991,13.05943781235179,13.072832107543944
13,14.273665099638364,14.384313666302225,14.178823471069336,14.178823471069336,14.210433224572077,14.400116426679824,14.194626291063097,14.226240158081056,14.257858161543524,14.2894720377332,14.14720959487966,14.178823471069336
14,12.393708399318207,12.476443435361722,12.327520370483398,12.327520370483398,12.377165222167967,12.443353271484376,12.360618209838869,12.410259246826172,12.426807411234757,12.44335442509792,12.29443130032946,12.344072341918944
15,7.747351156947124,7.855958883446383,7.51203441619873,7.51203441619873,7.566342973031139,7.693052065880942,7.548241674052595,7.638748168945312,7.56633827944836,7.620642142697989,7.4577305529491005,7.51203441619873
16,54.92157323803041,55.561287986573774,54.6895173625537,54.78986740112305,54.846274055013325,55.617698909869446,54.846274055013325,55.21630859375,55.81841617686706,55.86859118249315,54.72086304979383,54.77103805541992
17,50.611688714748105,51.27534212746656,49.45190271090626,49.6323127746582,49.7676346777568,50.3217542710032,49.64521633678863,50.0189208984375,50.01890423580876,50.31529288670214,49.619426231294135,49.6258659362793
18,131.08684525876524,131.2354878259373,129.777317419129,130.2374267578125,130.2941340221418,131.82308391788865,130.25165389088744,131.78768920898438,131.89383921173047,132.0000125100251,130.13837227393483,130.15960693359375
19,121.68926378115036,121.77251456694609,120.50862467217394,121.39410400390624,122.08280630652848,123.81593304300642,122.0373988895331,123.1120834350586,121.9087911670131,122.85481790668618,121.3941466155784,121.46983337402344
20,112.2947827707496,112.55619882079068,110.70319757424242,111.11070251464844,111.78729111328488,113.00980562074068,111.4259171294971,112.6253662109375,111.19529087040448,111.5335995490641,110.54175067950652,111.04920196533205
21,103.651363738918,104.52613262749615,102.08552662748828,102.52291107177734,102.88158182036368,104.54364424217376,102.68913157403357,103.72135925292967,103.30146213109484,103.52015436865643,102.26924117680326,102.51417541503906
